JEBR0316N
FATORES DE ATUALIZAÇÃO MONETÁRIA
Tabela uniforme da Justiça Estadual
Não expurgada
Atualização até: 29.02.2016
Para pagamento até: 31.03.2016
1964 1965 1966 1967 1968 1969 1970 1971 1972 1973
JAN  0,0056320 0,0038338 0,0027396 2,2346035 1,7866790 1,5027510 1,2599784 1,0344848 0,8980035
FEV  0,0056320 0,0037326 2,6762619 2,1960492 1,7546597 1,4697808 1,2371988 1,0221893 0,8892204
MAR  0,0056320 0,0036787 2,6211494 2,1646771 1,7242348 1,4408310 1,2210573 1,0087416 0,8799987
ABR  0,0047494 0,0036160 2,5828534 2,1334732 1,7002807 1,4247035 1,2089952 0,9973595 0,8695383
MAI  0,0047494 0,0034815 2,5446424 2,0941595 1,6743359 1,4117459 1,1951457 0,9842485 0,8596718
JUN  0,0047494 0,0033338 2,4996664 2,0397919 1,6538853 1,3987144 1,1783282 0,9679317 0,8488930
JUL  0,0041869 0,0032029 2,4309208 1,9832193 1,6318335 1,3775218 1,1554377 0,9508667 0,8395977
AGO  0,0041869 0,0031151 2,3711441 1,9396985 1,6206139 1,3654046 1,1328143 0,9374209 0,8321327
SET  0,0040536 0,0030291 2,3354681 1,9048640 1,6087337 1,3526356 1,1095102 0,9296159 0,8252270
OUT 0,0063642 0,0040026 0,0029450 2,3243794 1,8784388 1,5942261 1,3367256 1,0858472 0,9230095 0,8172789
NOV 0,0063642 0,0039652 0,0028693 2,3083608 1,8505818 1,5686839 1,3119255 1,0644172 0,9142581 0,8117539
DEZ 0,0063642 0,0039044 0,0028048 2,2761626 1,8209301 1,5364922 1,2846489 1,0472520 0,9082561 0,8048755
1974 1975 1976 1977 1978 1979 1980 1981 1982 1983
JAN 0,7894010 0,5961175 0,4772874 0,3465369 0,2670422 0,1947295 0,1304584 0,0861767 0,0437712 0,0218629
FEV 0,7811649 0,5872071 0,4682966 0,3406386 0,2615225 0,1904294 0,1251972 0,0820725 0,0416868 0,0206254
MAR 0,7696397 0,5776140 0,4580503 0,3340586 0,2555986 0,1861026 0,1207298 0,0770637 0,0397017 0,0193303
ABR 0,7600801 0,5669622 0,4474234 0,3266515 0,2491739 0,1815683 0,1164231 0,0724962 0,0378112 0,0177342
MAI 0,7478438 0,5558696 0,4364089 0,3174932 0,2421026 0,1750124 0,1122702 0,0683928 0,0358400 0,0162699
JUN 0,7322691 0,5433408 0,4237964 0,3075955 0,2349435 0,1685689 0,1085792 0,0645216 0,0339717 0,0150647
JUL 0,7087027 0,5335919 0,4116527 0,2976684 0,2280731 0,1631415 0,1052117 0,0608695 0,0322006 0,0139747
AGO 0,6788427 0,5246188 0,4013971 0,2899253 0,2213002 0,1588219 0,1019487 0,0574242 0,0303780 0,0128208
SET 0,6479486 0,5165707 0,3905106 0,2841012 0,2153179 0,1543797 0,0987869 0,0542762 0,0283906 0,0118164
OUT 0,6245486 0,5062968 0,3780758 0,2801739 0,2098371 0,1484177 0,0959092 0,0513491 0,0265333 0,0107913
NOV 0,6113497 0,4955346 0,3649169 0,2763418 0,2049712 0,1419081 0,0929358 0,0485798 0,0247975 0,0098371
DEZ 0,6037521 0,4860728 0,3541936 0,2722748 0,1998540 0,1357801 0,0900545 0,0460473 0,0232840 0,0090748
1984 1985 1986 1987 1988 1989 1990 1991 1992 1993
JAN 0,0084338 0,0026048 0,0007950 0,4896254 0,1066129 10,3143512 0,6207064 0,0327578 0,0056666 0,0004537
FEV 0,0076811 0,0023134 0,0006840 0,4191353 0,0915047 7,2269838 0,3976097 0,0273187 0,0045001 0,0003523
MAR 0,0068398 0,0020992 0,5981345 0,3504295 0,0775719 6,5616341 0,2301244 0,0224162 0,0036152 0,0002823
ABR 0,0062180 0,0018627 0,5988098 0,3060129 0,0668665 6,1849267 0,1248505 0,0200521 0,0029725 0,0002213
MAI 0,0057098 0,0016656 0,5941696 0,2529874 0,0560585 5,7638230 0,0862227 0,0190954 0,0024599 0,0001724
JUN 0,0052432 0,0015141 0,5859636 0,2049448 0,0475960 5,2428296 0,0799321 0,0178997 0,0019758 0,0001360
JUL 0,0048014 0,0013865 0,5786118 0,1736514 0,0398192 4,1998350 0,0729640 0,0161506 0,0016349 0,0001043
AGO 0,0043531 0,0012884 0,5718015 0,1685109 0,0321020 3,2616126 0,0646157 0,0144022 0,0013392 0,0796098
SET 0,0039359 0,0011910 0,5623532 0,1584344 0,0266053 2,5218329 0,0576771 0,0124565 0,0010943 0,0597043
OUT 0,0035619 0,0010916 0,5528275 0,1499176 0,0214542 1,8549548 0,0511503 0,0107736 0,0008827 0,0440200
NOV 0,0031633 0,0010015 0,5425071 0,1373123 0,0168599 1,3478711 0,0447901 0,0088979 0,0007001 0,0328214
DEZ 0,0028783 0,0009013 0,5252249 0,1216878 0,0132839 0,9530947 0,0387525 0,0070351 0,0005697 0,0241334
1994 1995 1996 1997 1998 1999 2000 2001 2002 2003
JAN 0,0175222 4,5945072 3,7836108 3,4674790 3,3232455 3,2425923 2,9904865 2,8407233 2,5956484 2,2621998
FEV 0,0123990 4,5190392 3,7291650 3,4396181 3,2952360 3,2216516 2,9723551 2,8190169 2,5681690 2,2076703
MAR 0,0088205 4,4747393 3,7028746 3,4242092 3,2775373 3,1806216 2,9708697 2,8052711 2,5602322 2,1759022
ABR 0,0061647 4,4125227 3,6921673 3,4010818 3,2615557 3,1404241 2,9670126 2,7918701 2,5444566 2,1464952
MAI 0,0043152 4,3293983 3,6581466 3,3807970 3,2469444 3,1257332 2,9643447 2,7686137 2,5272712 2,1172767
JUN 0,0030233 4,2209206 3,6119141 3,3770822 3,2237336 3,1241711 2,9658276 2,7529221 2,5249987 2,0965212
JUL 5,6086106 4,1454730 3,5645061 3,3653037 3,2189052 3,1219857 2,9569567 2,7365031 2,5096896 2,0977799
AGO 5,2871518 4,0459428 3,5222393 3,3592570 3,2279434 3,0990527 2,9164185 2,7064613 2,4811563 2,0969411
SET 5,0134191 4,0050909 3,5047157 3,3602651 3,2438382 3,0821012 2,8815517 2,6852479 2,4600003 2,0931734
OUT 4,9388426 3,9587732 3,5040149 3,3569082 3,2539254 3,0701277 2,8692141 2,6734845 2,4397503 2,0761489
NOV 4,8486575 3,9041156 3,4907500 3,3472013 3,2503500 3,0409347 2,8646307 2,6485878 2,4020383 2,0680834
DEZ 4,6951269 3,8460404 3,4789217 3,3421880 3,2562112 3,0126161 2,8563473 2,6148562 2,3232792 2,0604597
2004 2005 2006 2007 2008 2009 2010 2011 2012 2013
JAN 2,0493930 1,9309629 1,8381832 1,7878827 1,7002240 1,5967326 1,5336419 1,4405100 1,3579482 1,2786973
FEV 2,0325231 1,9200188 1,8312246 1,7791648 1,6885729 1,5865785 1,5202636 1,4270953 1,3510578 1,2670405
MAR 2,0246270 1,9116077 1,8270224 1,7717235 1,6805065 1,5816753 1,5096957 1,4194304 1,3458092 1,2604860
ABR 2,0131520 1,8977541 1,8221027 1,7639621 1,6719794 1,5785183 1,4990524 1,4101236 1,3433911 1,2529682
MAI 2,0049318 1,8806403 1,8199188 1,7593877 1,6613467 1,5698839 1,4881887 1,4000433 1,3348480 1,2456190
JUN 1,9969440 1,8675673 1,8175560 1,7548251 1,6455495 1,5605208 1,4818169 1,3921083 1,3275465 1,2412746
JUL 1,9870090 1,8696239 1,8188292 1,7494020 1,6307100 1,5539940 1,4834487 1,3890524 1,3241039 1,2378087
AGO 1,9726090 1,8690632 1,8168307 1,7438218 1,6213064 1,5504281 1,4844878 1,3890524 1,3184346 1,2394200
SET 1,9627950 1,8690632 1,8171941 1,7335936 1,6179088 1,5491887 1,4855277 1,3832427 1,3125282 1,2374401
OUT 1,9594639 1,8662638 1,8142913 1,7292704 1,6154856 1,5467140 1,4775489 1,3770460 1,3043111 1,2341080
NOV 1,9561385 1,8555019 1,8065232 1,7240981 1,6074483 1,5430107 1,4640794 1,3726535 1,2951157 1,2266256
DEZ 1,9475692 1,8455360 1,7989675 1,7167162 1,6013632 1,5373227 1,4491531 1,3648738 1,2881597 1,2200374
2014 2015 2016 2017 2018 2019 2020 2021 2022 2023
JAN 1,2113159 1,1402952 1,0247434       
FEV 1,2037324 1,1236650 1,0095000       
MAR 1,1960775 1,1107799 1,0000000       
ABR 1,1863494 1,0942567        
MAI 1,1771675 1,0865422        
JUN 1,1701466 1,0758909        
JUL 1,1671121 1,0676698        
AGO 1,1655969 1,0615131        
SET 1,1635025 1,0588659        
OUT 1,1578292 1,0534931        
NOV 1,1534461 1,0454432        
DEZ 1,1473651 1,0339661        
Os indexadores adotados são: Gilberto Melo
ORTN, OTN, IPC/STJ, BTN, IPC/IBGE, INPC/IBGE, IPC-r/IBGE, INPC/IBGE   Especialista em cálculos judiciais
Notas explicativas em http://gilbertomelo.com.br/fam  
Telefone 31 3295 2717 :: www.gilbertomelo.com.br :: Todos os direitos reservados
