JEBR1116N
FATORES DE ATUALIZAÇÃO MONETÁRIA
Tabela uniforme da Justiça Estadual
Não expurgada
Atualização até: 31.10.2016
Para pagamento até: 30.11.2016
1964 1965 1966 1967 1968 1969 1970 1971 1972 1973
JAN 0,0058454 0,0039791 0,0028434 2,3192598 1,8543661 1,5596817 1,3077117 1,0736755 0,9320237
FEV 0,0058454 0,0038740 2,7776501 2,2792450 1,8211337 1,5254623 1,2840692 1,0609142 0,9229079
MAR 0,0058454 0,0038181 2,7204497 2,2466843 1,7895562 1,4954159 1,2673162 1,0469570 0,9133368
ABR 0,0049293 0,0037530 2,6807029 2,2142983 1,7646946 1,4786774 1,2547971 1,0351437 0,9024801
MAI 0,0049293 0,0036134 2,6410443 2,1734952 1,7377669 1,4652289 1,2404229 1,0215360 0,8922399
JUN 0,0049293 0,0034601 2,5943644 2,1170679 1,7165415 1,4517037 1,2229683 1,0046010 0,8810527
JUL 0,0043456 0,0033242 2,5230145 2,0583521 1,6936543 1,4297082 1,1992106 0,9868896 0,8714053
AGO 0,0043456 0,0032331 2,4609731 2,0131825 1,6820096 1,4171319 1,1757301 0,9729344 0,8636574
SET 0,0042072 0,0031439 2,4239456 1,9770284 1,6696794 1,4038793 1,1515432 0,9648338 0,8564901
OUT 0,0066053 0,0041542 0,0030566 2,4124368 1,9496021 1,6546222 1,3873665 1,1269838 0,9579771 0,8482409
NOV 0,0066053 0,0041154 0,0029780 2,3958113 1,9206897 1,6281124 1,3616269 1,1047419 0,9488941 0,8425066
DEZ 0,0066053 0,0040523 0,0029111 2,3623934 1,8899147 1,5947011 1,3333169 1,0869264 0,9426647 0,8353676
1974 1975 1976 1977 1978 1979 1980 1981 1982 1983
JAN 0,8193069 0,6187010 0,4953691 0,3596652 0,2771589 0,2021067 0,1354007 0,0894415 0,0454294 0,0226912
FEV 0,8107588 0,6094530 0,4860377 0,3535434 0,2714301 0,1976437 0,1299402 0,0851818 0,0432660 0,0214068
MAR 0,7987969 0,5994964 0,4754032 0,3467142 0,2652818 0,1931530 0,1253036 0,0799832 0,0412058 0,0200626
ABR 0,7888752 0,5884411 0,4643737 0,3390264 0,2586137 0,1884469 0,1208337 0,0752427 0,0392436 0,0184061
MAI 0,7761753 0,5769283 0,4529419 0,3295212 0,2512745 0,1816426 0,1165235 0,0709838 0,0371978 0,0168863
JUN 0,7600106 0,5639249 0,4398516 0,3192485 0,2438442 0,1749550 0,1126926 0,0669659 0,0352587 0,0156354
JUL 0,7355514 0,5538066 0,4272479 0,3089454 0,2367134 0,1693220 0,1091976 0,0631755 0,0334205 0,0145041
AGO 0,7045602 0,5444936 0,4166037 0,3009089 0,2296840 0,1648387 0,1058110 0,0595997 0,0315288 0,0133066
SET 0,6724956 0,5361406 0,4053048 0,2948642 0,2234750 0,1602283 0,1025294 0,0563324 0,0294662 0,0122641
OUT 0,6482092 0,5254775 0,3923990 0,2907881 0,2177867 0,1540404 0,0995426 0,0532944 0,0275385 0,0112001
NOV 0,6345103 0,5143076 0,3787415 0,2868108 0,2127364 0,1472841 0,0964566 0,0504202 0,0257369 0,0102098
DEZ 0,6266248 0,5044873 0,3676120 0,2825897 0,2074253 0,1409241 0,0934661 0,0477918 0,0241661 0,0094186
1984 1985 1986 1987 1988 1989 1990 1991 1992 1993
JAN 0,0087533 0,0027035 0,0008252 0,5081745 0,1106519 10,7051029 0,6442215 0,0339988 0,0058813 0,0004709
FEV 0,0079721 0,0024010 0,0007099 0,4350140 0,0949713 7,5007728 0,4126728 0,0283536 0,0046706 0,0003657
MAR 0,0070989 0,0021788 0,6207943 0,3637053 0,0805106 6,8102168 0,2388425 0,0232655 0,0037521 0,0002930
ABR 0,0064535 0,0019332 0,6214953 0,3176060 0,0693997 6,4192381 0,1295804 0,0208118 0,0030851 0,0002297
MAI 0,0059261 0,0017287 0,6166793 0,2625716 0,0581822 5,9821813 0,0894892 0,0198188 0,0025531 0,0001789
JUN 0,0054418 0,0015715 0,6081624 0,2127090 0,0493991 5,4414504 0,0829602 0,0185778 0,0020506 0,0001411
JUL 0,0049833 0,0014390 0,6005320 0,1802301 0,0413278 4,3589427 0,0757282 0,0167625 0,0016969 0,0001082
AGO 0,0045180 0,0013372 0,5934638 0,1748948 0,0333181 3,3851764 0,0670636 0,0149478 0,0013900 0,0826257
SET 0,0040850 0,0012361 0,5836575 0,1644366 0,0276132 2,6173707 0,0598622 0,0129284 0,0011358 0,0619662
OUT 0,0036968 0,0011330 0,5737710 0,1555971 0,0222670 1,9252284 0,0530881 0,0111818 0,0009161 0,0456877
NOV 0,0032831 0,0010394 0,5630596 0,1425143 0,0174986 1,3989342 0,0464870 0,0092350 0,0007267 0,0340648
DEZ 0,0029874 0,0009354 0,5451227 0,1262979 0,0137871 0,9892020 0,0402206 0,0073016 0,0005913 0,0250476
1994 1995 1996 1997 1998 1999 2000 2001 2002 2003
JAN 0,0181860 4,7685667 3,9269502 3,5988419 3,4491442 3,3654356 3,1037789 2,9483420 2,6939826 2,3479016
FEV 0,0128687 4,6902397 3,8704417 3,5699255 3,4200736 3,3437015 3,0849606 2,9258133 2,6654622 2,2913063
MAR 0,0091547 4,6442615 3,8431553 3,5539328 3,4017044 3,3011171 3,0834189 2,9115467 2,6572248 2,2583346
ABR 0,0063983 4,5796879 3,8320424 3,5299293 3,3851173 3,2593968 3,0794157 2,8976380 2,6408515 2,2278136
MAI 0,0044787 4,4934144 3,7967328 3,5088761 3,3699526 3,2441493 3,0766467 2,8735006 2,6230150 2,1974882
JUN 0,0031379 4,3808271 3,7487488 3,5050205 3,3458623 3,2425281 3,0781858 2,8572145 2,6206564 2,1759464
JUL 5,8210887 4,3025212 3,6995448 3,4927957 3,3408511 3,2402599 3,0689789 2,8401735 2,6047673 2,1772527
AGO 5,4874516 4,1992204 3,6556767 3,4865200 3,3502317 3,2164581 3,0269049 2,8089936 2,5751531 2,1763822
SET 5,2033488 4,1568208 3,6374893 3,4875663 3,3667287 3,1988643 2,9907172 2,7869765 2,5531956 2,1724717
OUT 5,1259470 4,1087485 3,6367619 3,4840822 3,3771980 3,1864372 2,9779122 2,7747676 2,5321785 2,1548023
NOV 5,0323454 4,0520202 3,6229945 3,4740076 3,3734872 3,1561383 2,9731551 2,7489276 2,4930378 2,1464313
DEZ 4,8729983 3,9917448 3,6107181 3,4688044 3,3795704 3,1267469 2,9645579 2,7139181 2,4112949 2,1385187
2004 2005 2006 2007 2008 2009 2010 2011 2012 2013
JAN 2,1270328 2,0041160 1,9078215 1,8556153 1,7646358 1,6572237 1,5917428 1,4950827 1,4093931 1,3271398
FEV 2,1095237 1,9927573 1,9005992 1,8465671 1,7525432 1,6466849 1,5778577 1,4811598 1,4022417 1,3150414
MAR 2,1013285 1,9840276 1,8962378 1,8388440 1,7441712 1,6415960 1,5668894 1,4732045 1,3967942 1,3082386
ABR 2,0894188 1,9696491 1,8911318 1,8307885 1,7353211 1,6383193 1,5558430 1,4635451 1,3942845 1,3004360
MAI 2,0808872 1,9518869 1,8888651 1,8260408 1,7242856 1,6293579 1,5445676 1,4530829 1,3854178 1,2928084
JUN 2,0725968 1,9383187 1,8864128 1,8213054 1,7078899 1,6196400 1,5379544 1,4448473 1,3778397 1,2882994
JUL 2,0622854 1,9404532 1,8877342 1,8156768 1,6924883 1,6128660 1,5396480 1,4416756 1,3742666 1,2847022
AGO 2,0473398 1,9398713 1,8856600 1,8098852 1,6827284 1,6091649 1,5407265 1,4416756 1,3683825 1,2863745
SET 2,0371540 1,9398713 1,8860372 1,7992695 1,6792021 1,6078786 1,5418058 1,4356459 1,3622524 1,2843196
OUT 2,0336968 1,9369658 1,8830244 1,7947825 1,6766871 1,6053101 1,5335248 1,4292144 1,3537239 1,2808613
NOV 2,0302453 1,9257962 1,8749620 1,7894143 1,6683454 1,6014666 1,5195449 1,4246555 1,3441802 1,2730954
DEZ 2,0213514 1,9154527 1,8671201 1,7817527 1,6620296 1,5955630 1,5040532 1,4165810 1,3369607 1,2662576
2014 2015 2016 2017 2018 2019 2020 2021 2022 2023
JAN 1,2572057 1,1834945 1,0635651
FEV 1,2493349 1,1662342 1,0477442
MAR 1,2413900 1,1528610 1,0378843
ABR 1,2312934 1,1357118 1,0333376
MAI 1,2217636 1,1277051 1,0267663
JUN 1,2144768 1,1166502 1,0168016
JUL 1,2113273 1,1081177 1,0120450
AGO 1,2097546 1,1017277 1,0056091
SET 1,2075810 1,0989803 1,0025014
OUT 1,2016927 1,0934039 1,0017000
NOV 1,1971436 1,0850490 1,0000000
DEZ 1,1908321 1,0731372
