JEBR1016N
FATORES DE ATUALIZAÇÃO MONETÁRIA
Tabela uniforme da Justiça Estadual
Não expurgada
Atualização até: 30.09.2016
Para pagamento até: 31.10.2016
1964 1965 1966 1967 1968 1969 1970 1971 1972 1973
JAN  0,0058354 0,0039723 0,0028386 2,3153237 1,8512190 1,5570347 1,3054924 1,0718534 0,9304419
FEV  0,0058354 0,0038675 2,7729361 2,2753768 1,8180430 1,5228734 1,2818900 1,0591137 0,9213416
MAR  0,0058354 0,0038116 2,7158328 2,2428714 1,7865191 1,4928780 1,2651654 1,0451802 0,9117868
ABR  0,0049209 0,0037466 2,6761534 2,2105404 1,7616997 1,4761679 1,2526676 1,0333869 0,9009485
MAI  0,0049209 0,0036072 2,6365622 2,1698065 1,7348177 1,4627422 1,2383177 1,0198024 0,8907257
JUN  0,0049209 0,0034542 2,5899615 2,1134750 1,7136284 1,4492400 1,2208928 1,0028961 0,8795574
JUL  0,0043382 0,0033186 2,5187326 2,0548588 1,6907800 1,4272818 1,1971754 0,9852147 0,8699264
AGO  0,0043382 0,0032276 2,4567966 2,0097659 1,6791551 1,4147269 1,1737348 0,9712833 0,8621917
SET  0,0042000 0,0031385 2,4198319 1,9736732 1,6668458 1,4014967 1,1495889 0,9631963 0,8550366
OUT 0,0065940 0,0041472 0,0030514 2,4083426 1,9462934 1,6518141 1,3850120 1,1250712 0,9563513 0,8468013
NOV 0,0065940 0,0041084 0,0029730 2,3917454 1,9174301 1,6253493 1,3593160 1,1028670 0,9472837 0,8410768
DEZ 0,0065940 0,0040454 0,0029061 2,3583841 1,8867073 1,5919947 1,3310541 1,0850818 0,9410649 0,8339499
1974 1975 1976 1977 1978 1979 1980 1981 1982 1983
JAN 0,8179164 0,6176510 0,4945284 0,3590548 0,2766886 0,2017637 0,1351709 0,0892897 0,0453523 0,0226527
FEV 0,8093828 0,6084187 0,4852128 0,3529434 0,2709695 0,1973083 0,1297197 0,0850372 0,0431926 0,0213704
MAR 0,7974413 0,5984790 0,4745964 0,3461258 0,2648316 0,1928252 0,1250909 0,0798475 0,0411359 0,0200286
ABR 0,7875364 0,5874425 0,4635856 0,3384511 0,2581748 0,1881271 0,1206286 0,0751150 0,0391770 0,0183748
MAI 0,7748581 0,5759492 0,4521732 0,3289619 0,2508480 0,1813343 0,1163258 0,0708633 0,0371347 0,0168576
JUN 0,7587207 0,5629678 0,4391051 0,3187067 0,2434304 0,1746581 0,1125014 0,0668523 0,0351988 0,0156089
JUL 0,7343031 0,5528668 0,4265228 0,3084210 0,2363117 0,1690347 0,1090123 0,0630683 0,0333637 0,0144795
AGO 0,7033645 0,5435695 0,4158967 0,3003983 0,2292942 0,1645590 0,1056314 0,0594985 0,0314753 0,0132840
SET 0,6713543 0,5352307 0,4046169 0,2943637 0,2230958 0,1599564 0,1023554 0,0562368 0,0294162 0,0122433
OUT 0,6471091 0,5245857 0,3917330 0,2902946 0,2174171 0,1537790 0,0993737 0,0532039 0,0274918 0,0111811
NOV 0,6334334 0,5134347 0,3780987 0,2863240 0,2123753 0,1470342 0,0962929 0,0503347 0,0256932 0,0101924
DEZ 0,6255613 0,5036311 0,3669881 0,2821101 0,2070733 0,1406849 0,0933075 0,0477107 0,0241251 0,0094026
1984 1985 1986 1987 1988 1989 1990 1991 1992 1993
JAN 0,0087385 0,0026989 0,0008238 0,5073120 0,1104641 10,6869351 0,6431281 0,0339411 0,0058713 0,0004701
FEV 0,0079585 0,0023969 0,0007087 0,4342757 0,0948101 7,4880431 0,4119725 0,0283055 0,0046627 0,0003650
MAR 0,0070869 0,0021751 0,6197408 0,3630880 0,0803740 6,7986591 0,2384372 0,0232260 0,0037457 0,0002925
ABR 0,0064426 0,0019300 0,6204405 0,3170670 0,0692819 6,4083439 0,1293605 0,0207764 0,0030799 0,0002293
MAI 0,0059161 0,0017258 0,6156327 0,2621260 0,0580835 5,9720288 0,0893373 0,0197852 0,0025487 0,0001786
JUN 0,0054326 0,0015688 0,6071303 0,2123480 0,0493153 5,4322156 0,0828194 0,0185463 0,0020472 0,0001409
JUL 0,0049749 0,0014366 0,5995129 0,1799242 0,0412576 4,3515450 0,0755997 0,0167340 0,0016940 0,0001081
AGO 0,0045103 0,0013349 0,5924566 0,1745980 0,0332616 3,3794313 0,0669498 0,0149224 0,0013876 0,0824855
SET 0,0040780 0,0012340 0,5826670 0,1641575 0,0275664 2,6129288 0,0597606 0,0129064 0,0011338 0,0618610
OUT 0,0036905 0,0011310 0,5727973 0,1553330 0,0222292 1,9219611 0,0529980 0,0111628 0,0009145 0,0456101
NOV 0,0032776 0,0010377 0,5621040 0,1422724 0,0174689 1,3965600 0,0464081 0,0092194 0,0007254 0,0340070
DEZ 0,0029823 0,0009338 0,5441976 0,1260835 0,0137637 0,9875232 0,0401523 0,0072892 0,0005903 0,0250051
1994 1995 1996 1997 1998 1999 2000 2001 2002 2003
JAN 0,0181552 4,7604739 3,9202857 3,5927343 3,4432907 3,3597240 3,0985114 2,9433384 2,6894106 2,3439169
FEV 0,0128469 4,6822798 3,8638731 3,5638670 3,4142694 3,3380269 3,0797251 2,9208478 2,6609386 2,2874177
MAR 0,0091391 4,6363797 3,8366330 3,5479014 3,3959313 3,2955147 3,0781860 2,9066055 2,6527152 2,2545020
ABR 0,0063874 4,5719157 3,8255390 3,5239386 3,3793724 3,2538652 3,0741896 2,8927204 2,6363697 2,2240327
MAI 0,0044711 4,4857885 3,7902893 3,5029211 3,3642334 3,2386436 3,0714253 2,8686240 2,6185634 2,1937588
JUN 0,0031326 4,3733923 3,7423867 3,4990721 3,3401840 3,2370251 3,0729618 2,8523655 2,6162088 2,1722535
JUL 5,8112096 4,2952194 3,6932663 3,4868681 3,3351813 3,2347608 3,0637705 2,8353534 2,6003467 2,1735577
AGO 5,4781388 4,1920938 3,6494726 3,4806030 3,3445460 3,2109994 3,0217679 2,8042265 2,5707827 2,1726886
SET 5,1945181 4,1497662 3,6313160 3,4816475 3,3610150 3,1934355 2,9856416 2,7822467 2,5488625 2,1687848
OUT 5,1172477 4,1017755 3,6305899 3,4781693 3,3714665 3,1810295 2,9728583 2,7700585 2,5278811 2,1511454
NOV 5,0238049 4,0451434 3,6168459 3,4681118 3,3677620 3,1507820 2,9681094 2,7442624 2,4888068 2,1427885
DEZ 4,8647283 3,9849704 3,6045903 3,4629174 3,3738349 3,1214404 2,9595267 2,7093123 2,4072027 2,1348894
2004 2005 2006 2007 2008 2009 2010 2011 2012 2013
JAN 2,1234229 2,0007148 1,9045837 1,8524661 1,7616410 1,6544112 1,5890414 1,4925454 1,4070012 1,3248875
FEV 2,1059436 1,9893753 1,8973736 1,8434333 1,7495690 1,6438903 1,5751799 1,4786461 1,3998619 1,3128097
MAR 2,0977623 1,9806604 1,8930197 1,8357232 1,7412112 1,6388100 1,5642302 1,4707043 1,3944236 1,3060184
ABR 2,0858729 1,9663064 1,8879223 1,8276814 1,7323760 1,6355389 1,5532025 1,4610613 1,3919182 1,2982290
MAI 2,0773557 1,9485744 1,8856595 1,8229418 1,7213593 1,6265926 1,5419463 1,4506169 1,3830666 1,2906144
JUN 2,0690794 1,9350292 1,8832113 1,8182144 1,7049914 1,6168913 1,5353443 1,4423952 1,3755013 1,2861130
JUL 2,0587855 1,9371600 1,8845305 1,8125954 1,6896159 1,6101288 1,5370351 1,4392289 1,3719343 1,2825219
AGO 2,0438652 1,9365791 1,8824598 1,8068136 1,6798727 1,6064340 1,5381117 1,4392289 1,3660602 1,2841914
SET 2,0336968 1,9365791 1,8828364 1,7962159 1,6763523 1,6051498 1,5391892 1,4332094 1,3599405 1,2821399
OUT 2,0302453 1,9336785 1,8798286 1,7917366 1,6738416 1,6025857 1,5309222 1,4267889 1,3514265 1,2786875
NOV 2,0267998 1,9225279 1,8717800 1,7863774 1,6655140 1,5987487 1,5169661 1,4222377 1,3418990 1,2709348
DEZ 2,0179209 1,9122020 1,8639514 1,7787289 1,6592090 1,5928551 1,5015006 1,4141769 1,3346917 1,2641086
2014 2015 2016 2017 2018 2019 2020 2021 2022 2023
JAN 1,2550721 1,1814860 1,0617601       
FEV 1,2472146 1,1642550 1,0459660       
MAR 1,2392832 1,1509045 1,0361229       
ABR 1,2292037 1,1337843 1,0315839       
MAI 1,2196902 1,1257912 1,0250237       
JUN 1,2124157 1,1147551 1,0150760       
JUL 1,2092716 1,1062371 1,0103275       
AGO 1,2077015 1,0998579 1,0039025       
SET 1,2055316 1,0971152 1,0008000       
OUT 1,1996533 1,0915483 1,0000000       
NOV 1,1951119 1,0832076        
DEZ 1,1888112 1,0713160        
Os indexadores adotados são: Gilberto Melo
ORTN, OTN, IPC/STJ, BTN, IPC/IBGE, INPC/IBGE, IPC-r/IBGE, INPC/IBGE   Especialista em cálculos judiciais
Notas explicativas em http://gilbertomelo.com.br/fam  
Telefone 31 3295 2717 :: www.gilbertomelo.com.br :: Todos os direitos reservados
