JEBR0916N
FATORES DE ATUALIZAÇÃO MONETÁRIA
Tabela uniforme da Justiça Estadual
Não expurgada
Atualização até: 31.08.2016
Para pagamento até: 30.09.2016
1964 1965 1966 1967 1968 1969 1970 1971 1972 1973
JAN  0,0058308 0,0039691 0,0028363 2,3134730 1,8497392 1,5557901 1,3044488 1,0709966 0,9296982
FEV  0,0058308 0,0038644 2,7707195 2,2735580 1,8165897 1,5216561 1,2808653 1,0582671 0,9206051
MAR  0,0058308 0,0038085 2,7136619 2,2410786 1,7850910 1,4916846 1,2641541 1,0443447 0,9110579
ABR  0,0049170 0,0037436 2,6740142 2,2087734 1,7602915 1,4749879 1,2516662 1,0325609 0,9002283
MAI  0,0049170 0,0036044 2,6344546 2,1680721 1,7334309 1,4615730 1,2373279 1,0189872 0,8900136
JUN  0,0049170 0,0034514 2,5878912 2,1117856 1,7122586 1,4480815 1,2199169 1,0020944 0,8788543
JUL  0,0043347 0,0033159 2,5167192 2,0532163 1,6894285 1,4261409 1,1962184 0,9844272 0,8692310
AGO  0,0043347 0,0032250 2,4548327 2,0081594 1,6778128 1,4135960 1,1727965 0,9705068 0,8615025
SET  0,0041967 0,0031360 2,4178976 1,9720955 1,6655134 1,4003764 1,1486700 0,9624264 0,8543531
OUT 0,0065888 0,0041439 0,0030489 2,4064175 1,9447376 1,6504937 1,3839049 1,1241718 0,9555868 0,8461244
NOV 0,0065888 0,0041052 0,0029706 2,3898335 1,9158974 1,6240500 1,3582294 1,1019854 0,9465265 0,8404045
DEZ 0,0065888 0,0040422 0,0029038 2,3564989 1,8851991 1,5907221 1,3299901 1,0842144 0,9403127 0,8332833
1974 1975 1976 1977 1978 1979 1980 1981 1982 1983
JAN 0,8172626 0,6171573 0,4941331 0,3587678 0,2764674 0,2016024 0,1350628 0,0892183 0,0453160 0,0226346
FEV 0,8087359 0,6079324 0,4848249 0,3526613 0,2707529 0,1971505 0,1296160 0,0849693 0,0431581 0,0213534
MAR 0,7968038 0,5980006 0,4742170 0,3458491 0,2646199 0,1926710 0,1249909 0,0797836 0,0411030 0,0200125
ABR 0,7869068 0,5869729 0,4632151 0,3381805 0,2579684 0,1879767 0,1205322 0,0750549 0,0391457 0,0183601
MAI 0,7742387 0,5754888 0,4518118 0,3286990 0,2506475 0,1811894 0,1162328 0,0708066 0,0371050 0,0168441
JUN 0,7581143 0,5625178 0,4387541 0,3184520 0,2432358 0,1745185 0,1124114 0,0667988 0,0351707 0,0155964
JUL 0,7337161 0,5524248 0,4261818 0,3081745 0,2361228 0,1688995 0,1089251 0,0630179 0,0333371 0,0144679
AGO 0,7028022 0,5431350 0,4155642 0,3001581 0,2291109 0,1644274 0,1055470 0,0594510 0,0314501 0,0132733
SET 0,6708177 0,5348028 0,4042935 0,2941284 0,2229174 0,1598285 0,1022736 0,0561918 0,0293926 0,0122335
OUT 0,6465919 0,5241663 0,3914199 0,2900626 0,2172433 0,1536560 0,0992943 0,0531614 0,0274698 0,0111722
NOV 0,6329271 0,5130243 0,3777965 0,2860951 0,2122056 0,1469166 0,0962159 0,0502944 0,0256727 0,0101843
DEZ 0,6250613 0,5032285 0,3666947 0,2818846 0,2069078 0,1405724 0,0932329 0,0476725 0,0241058 0,0093951
1984 1985 1986 1987 1988 1989 1990 1991 1992 1993
JAN 0,0087315 0,0026968 0,0008231 0,5069065 0,1103758 10,6783924 0,6426141 0,0339140 0,0058666 0,0004697
FEV 0,0079522 0,0023950 0,0007082 0,4339285 0,0947343 7,4820574 0,4116431 0,0282829 0,0046590 0,0003647
MAR 0,0070812 0,0021733 0,6192454 0,3627978 0,0803097 6,7932245 0,2382466 0,0232074 0,0037428 0,0002923
ABR 0,0064374 0,0019284 0,6199446 0,3168135 0,0692265 6,4032213 0,1292570 0,0207598 0,0030774 0,0002291
MAI 0,0059113 0,0017244 0,6151406 0,2619165 0,0580370 5,9672550 0,0892659 0,0197694 0,0025467 0,0001785
JUN 0,0054282 0,0015676 0,6066450 0,2121782 0,0492758 5,4278733 0,0827532 0,0185315 0,0020455 0,0001408
JUL 0,0049709 0,0014354 0,5990336 0,1797804 0,0412247 4,3480666 0,0755392 0,0167206 0,0016926 0,0001080
AGO 0,0045067 0,0013338 0,5919830 0,1744584 0,0332350 3,3767300 0,0668962 0,0149105 0,0013865 0,0824196
SET 0,0040748 0,0012330 0,5822012 0,1640263 0,0275443 2,6108401 0,0597128 0,0128961 0,0011329 0,0618116
OUT 0,0036876 0,0011301 0,5723394 0,1552089 0,0222114 1,9204247 0,0529557 0,0111539 0,0009138 0,0455737
NOV 0,0032749 0,0010368 0,5616547 0,1421587 0,0174549 1,3954437 0,0463710 0,0092120 0,0007248 0,0339798
DEZ 0,0029799 0,0009331 0,5437626 0,1259827 0,0137527 0,9867339 0,0401202 0,0072834 0,0005898 0,0249851
1994 1995 1996 1997 1998 1999 2000 2001 2002 2003
JAN 0,0181407 4,7566686 3,9171520 3,5898624 3,4405382 3,3570384 3,0960346 2,9409856 2,6872608 2,3420433
FEV 0,0128366 4,6785370 3,8607845 3,5610181 3,4115401 3,3353586 3,0772633 2,9185130 2,6588115 2,2855892
MAR 0,0091318 4,6326735 3,8335662 3,5450653 3,3932168 3,2928804 3,0757254 2,9042821 2,6505947 2,2526998
ABR 0,0063823 4,5682611 3,8224810 3,5211217 3,3766711 3,2512642 3,0717322 2,8904081 2,6342623 2,2222549
MAI 0,0044675 4,4822028 3,7872595 3,5001210 3,3615441 3,2360548 3,0689701 2,8663309 2,6164703 2,1920052
JUN 0,0031301 4,3698964 3,7393952 3,4962751 3,3375140 3,2344376 3,0705054 2,8500854 2,6141176 2,1705171
JUL 5,8065644 4,2917859 3,6903140 3,4840808 3,3325153 3,2321750 3,0613214 2,8330869 2,5982681 2,1718202
AGO 5,4737598 4,1887428 3,6465554 3,4778207 3,3418725 3,2084326 3,0193524 2,8019849 2,5687278 2,1709518
SET 5,1903658 4,1464491 3,6284133 3,4788644 3,3583283 3,1908828 2,9832550 2,7800227 2,5468251 2,1670511
OUT 5,1131571 4,0984967 3,6276878 3,4753890 3,3687715 3,1784867 2,9704819 2,7678442 2,5258604 2,1494258
NOV 5,0197891 4,0419099 3,6139547 3,4653395 3,3650699 3,1482634 2,9657368 2,7420687 2,4868174 2,1410757
DEZ 4,8608396 3,9817850 3,6017089 3,4601493 3,3711380 3,1189453 2,9571610 2,7071465 2,4052784 2,1331829
2004 2005 2006 2007 2008 2009 2010 2011 2012 2013
JAN 2,1217256 1,9991155 1,9030612 1,8509853 1,7602328 1,6530887 1,5877712 1,4913523 1,4058765 1,3238285
FEV 2,1042602 1,9877851 1,8958570 1,8419597 1,7481704 1,6425762 1,5739207 1,4774641 1,3987429 1,3117603
MAR 2,0960855 1,9790772 1,8915065 1,8342558 1,7398193 1,6375000 1,5629799 1,4695287 1,3933090 1,3049744
ABR 2,0842055 1,9647346 1,8864132 1,8262205 1,7309912 1,6342315 1,5519609 1,4598934 1,3908055 1,2971912
MAI 2,0756951 1,9470168 1,8841522 1,8214846 1,7199833 1,6252924 1,5407137 1,4494573 1,3819610 1,2895827
JUN 2,0674254 1,9334824 1,8817060 1,8167610 1,7036285 1,6155988 1,5341170 1,4412422 1,3744018 1,2850849
JUL 2,0571397 1,9356116 1,8830241 1,8111465 1,6882653 1,6088417 1,5358064 1,4380784 1,3708376 1,2814967
AGO 2,0422315 1,9350310 1,8809550 1,8053693 1,6785298 1,6051498 1,5368822 1,4380784 1,3649682 1,2831648
SET 2,0320711 1,9350310 1,8813313 1,7947801 1,6750123 1,6038667 1,5379588 1,4320638 1,3588534 1,2811150
OUT 2,0286224 1,9321328 1,8783260 1,7903043 1,6725035 1,6013047 1,5296984 1,4256483 1,3503462 1,2776654
NOV 2,0251796 1,9209911 1,8702838 1,7849495 1,6641826 1,5974707 1,5157535 1,4211008 1,3408264 1,2699188
DEZ 2,0163079 1,9106735 1,8624614 1,7773071 1,6578827 1,5915819 1,5003004 1,4130465 1,3336248 1,2630981
2014 2015 2016 2017 2018 2019 2020 2021 2022 2023
JAN 1,2540688 1,1805415 1,0609114       
FEV 1,2462176 1,1633243 1,0451299       
MAR 1,2382926 1,1499845 1,0352946       
ABR 1,2282212 1,1328780 1,0307593       
MAI 1,2187152 1,1248913 1,0242044       
JUN 1,2114465 1,1138641 1,0142646       
JUL 1,2083049 1,1053528 1,0095198       
AGO 1,2067362 1,0989788 1,0031000       
SET 1,2045679 1,0962382 1,0000000       
OUT 1,1986943 1,0906757        
NOV 1,1941565 1,0823417        
DEZ 1,1878609 1,0704596        
Os indexadores adotados são: Gilberto Melo
ORTN, OTN, IPC/STJ, BTN, IPC/IBGE, INPC/IBGE, IPC-r/IBGE, INPC/IBGE   Especialista em cálculos judiciais
Notas explicativas em http://gilbertomelo.com.br/fam  
Telefone 31 3295 2717 :: www.gilbertomelo.com.br :: Todos os direitos reservados
